# transform file /home/jovyan/work/freesurfer_subjects/sub-01/mri/transforms/cc_up.lta
# created by jovyan on Wed Dec 27 18:44:54 2017

type      = 0 # LINEAR_VOX_TO_VOX
nxforms   = 1
mean      = 128.0000 134.0000 108.0000
sigma     = 10000.0000
1 4 4
9.992775321006775e-01 -3.798795863986015e-02 1.221706275828183e-03 6.192852020263672e+00 
3.798793256282806e-02 9.992782473564148e-01 4.644365253625438e-05 1.228927707672119e+01 
-1.222588703967631e-03 0.000000000000000e+00 9.999993443489075e-01 3.415412139892578e+01 
0.000000000000000e+00 0.000000000000000e+00 0.000000000000000e+00 1.000000000000000e+00 
src volume info
valid = 1  # volume info valid
filename = /home/jovyan/work/freesurfer_subjects/sub-01/mri/norm.mgz
volume = 256 256 256
voxelsize = 1.000000000000000e+00 1.000000000000000e+00 1.000000000000000e+00
xras   = -1.000000000000000e+00 0.000000000000000e+00 0.000000000000000e+00
yras   = 0.000000000000000e+00 0.000000000000000e+00 -1.000000000000000e+00
zras   = 0.000000000000000e+00 1.000000000000000e+00 0.000000000000000e+00
cras   = 3.122528076171875e+00 2.668388366699219e+01 -4.974395751953125e+00
dst volume info
valid = 1  # volume info valid
filename = /home/jovyan/work/freesurfer_subjects/sub-01/mri/norm.mgz
volume = 256 256 256
voxelsize = 1.000000000000000e+00 1.000000000000000e+00 1.000000000000000e+00
xras   = -1.000000000000000e+00 0.000000000000000e+00 0.000000000000000e+00
yras   = 0.000000000000000e+00 0.000000000000000e+00 -1.000000000000000e+00
zras   = 0.000000000000000e+00 1.000000000000000e+00 0.000000000000000e+00
cras   = 3.122528076171875e+00 2.668388366699219e+01 -4.974395751953125e+00
