# transform file transforms/talairach_with_skull.lta
# created by jovyan on Wed Dec 27 16:24:03 2017

type      = 0 # LINEAR_VOX_TO_VOX
nxforms   = 1
mean      = 124.0000 150.0000 113.0000
sigma     = 10000.0000
1 4 4
1.016593337059021e+00 -2.408731169998646e-02 8.007401600480080e-03 -1.153515338897705e+00 
1.664808951318264e-02 1.120663404464722e+00 4.048207402229309e-01 -6.324159240722656e+01 
-1.739555597305298e-02 -3.693317770957947e-01 9.346925020217896e-01 6.080607604980469e+01 
0.000000000000000e+00 0.000000000000000e+00 0.000000000000000e+00 1.000000000000000e+00 
src volume info
valid = 1  # volume info valid
filename = nu.mgz
volume = 256 256 256
voxelsize = 1.000000000000000e+00 1.000000000000000e+00 1.000000000000000e+00
xras   = -1.000000000000000e+00 0.000000000000000e+00 0.000000000000000e+00
yras   = 0.000000000000000e+00 0.000000000000000e+00 -1.000000000000000e+00
zras   = 0.000000000000000e+00 1.000000000000000e+00 0.000000000000000e+00
cras   = 3.122528076171875e+00 2.668388366699219e+01 -4.974395751953125e+00
dst volume info
valid = 1  # volume info valid
filename = /opt/freesurfer/average/RB_all_withskull_2016-05-10.vc700.gca
volume = 256 256 256
voxelsize = 1.000000000000000e+00 1.000000000000000e+00 1.000000000000000e+00
xras   = -1.000000000000000e+00 0.000000000000000e+00 0.000000000000000e+00
yras   = 0.000000000000000e+00 0.000000000000000e+00 -1.000000000000000e+00
zras   = 0.000000000000000e+00 1.000000000000000e+00 0.000000000000000e+00
cras   = 0.000000000000000e+00 0.000000000000000e+00 0.000000000000000e+00
